vbMon
0;00;早读前;0
6;00;早晨;0
6;50;早自修;0
7;20;晨会;3
7;48;Class1;1
8;30;下课;2
8;38;Class2;1
9;20;下课;2
9;28;Class3;1
10;10;下课;2
10;18;眼保健操;0
10;25;Class4;1
11;05;下课;2
11;13;Class5;1
11;55;午餐;2
12;30;午休前;3
12;45;午间谈话;0
13;00;午休;2
13;35;下课;2
13;43;Class6;1
14;25;下课;2
14;33;Class7;1
15;15;下课;2
15;25;眼保健操;0
15;28;Class8;1
16;10;下课;2
16;20;Class9;1
16;55;下课;2
17;30;晚修前;3
17;58;晚自修1;1
19;00;下课;2
19;08;晚自修2;1
20;10;下课;2
20;20;眼保健操;0
20;25;晚自修3;1
21;50;下课;2
22;20;就寝;0
24;00;下课后;0
vbTus-Fri
0;00;早读前;0
6;00;早晨;0
6;50;早自修;0
7;25;下课;2
7;33;Class1;1
8;15;下课;2
8;23;Class2;1
9;05;课间操;2
9;28;Class3;1
10;10;下课;2
10;18;眼保健操;0
10;25;Class4;1
11;05;下课;2
11;13;Class5;1
11;55;午餐;2
12;30;午休前;3
12;45;午间谈话;0
13;00;午休;2
13;35;下课;2
13;43;Class6;1
14;25;下课;2
14;33;Class7;1
15;15;下课;2
15;25;眼保健操;0
15;28;Class8;1
16;10;下课;2
16;20;Class9;1
16;55;下课;2
17;30;晚修前;3
17;58;晚自修1;1
19;00;下课;2
19;08;晚自修2;1
20;10;下课;2
20;20;眼保健操;0
20;25;晚自修3;1
21;50;下课;2
22;20;就寝;0
24;00;下课后;0
vbSat
0;00;早读前;0
7;00;早自修;0
7;25;下课;2
7;33;Class1;1
8;15;下课;1
8;23;Class2;1
9;05;下课;2
9;13;Class3;1
9;55;下课;2
10;05;眼保健操;0
10;10;Class4;1
10;50;下课;2
10;58;Class5;1
11;40;午餐;2
12;30;午休前;0
12;40;午休;0
13;10;下课;2
13;18;Class6;1
14;00;下课;2
14;08;Class7;1
14;50;下课;2
14;58;Class8;1
15;40;下课;2
15;58;Class9;1
16;40;下课;2
16;50;晚餐;2
17;40;晚修前;3
18;08;晚自修1;1
19;10;下课;2
19;18;晚自修2;1
20;20;下课;2
20;30;眼保健操;0
20;35;晚自修3;1
21;30;下课;2
22;10;就寝;0
24;00;下课后;0
vbSun
0;00;value;0
6;00;早晨;0
7;00;早自修;0
8;00;Class1;1
9;00;下课;2
9;10;Class2;1
10;10;下课;2
10;20;Class3;1
11;20;午餐;2
12;30;午休前;3
12;45;午间谈话;0
13;00;午休;2
13;35;下课;2
13;43;Class6;1
14;25;下课;2
14;33;Class7;1
15;15;下课;2
15;25;眼保健操;0
15;28;Class8;1
16;10;下课;2
16;20;Class9;1
16;50;下课;2
17;30;晚修前;3
17;58;晚自修1;1
19;00;下课;2
19;08;晚自修2;1
20;10;下课;2
20;20;眼保健操;0
20;25;晚自修3;1
21;50;下课;2
22;20;就寝;0
24;00;下课后;0